284657815
954465785
47230514
46640083
43801247
204676494
139017991
441622353
34146293
40991751
205876985
200020172
204763041
9562942464
3791711
204752351
204647038
3058006
27471095
814367255
204832741
48729150
204695567
47154952
336792
57630279
204720027
204731975
80210571
205138945
204770234
204732515
1063717088
200182050
49283907
936949473
383809406
591478961
41963497
205674069
1081253
204738812
49157524
19326685
37384147
272977695
41540783
45414292
100001
44996342
204673232
204934719
9093919799
48608609
44877802
205758208
781908679
204837376
200174265
200130344
14958479
205669836
200147536
40738445
574427497
782533579
779166009
205682279
204691349
204885128
1104643500
204735494
205682321
42802514
200172496
200183180
116433173
200227048
85565972
204962177
23673126
774573529
3538321
442504636
410413463
205315277
891380
18702329
494059327
671746116
200148204
361797195
49502555
46314046
200024758
365616731
205122984
204696925
382101194
2869316
205107553
205670915
204722535
43140004
2819458
200098751
204956896
1772136914
44300327
204683848
1562521
32687773
33203242
450439217
312930743
478303169
200177253
200235473
444563922
576180362
204962476
204717382
402299814
205209931
44034347
782453138
962927899
45576420
4319759
205679734
49067547
36230795
38203908
327387981
79859679
42841774
137026740
9498330
269765816
4184292
205670379
314945997
38924415
380244636
48917233
200172722
3263239
200096170
354965864
170527916
45338128
205410150
204838858
947306915
414722701
26617870
47187104
200161545
205688601
205315868
47164624
40049860
2971820
448705597
865076391
154202510
47277980
38016695
675120934
46942396
26224788
205669154
49486138
13835710
205237318
37850253
3976837
200181299
158420
2711184
46864880
205535979
1129190846
49059627
48496649
913241662
46015050
7019765
454683881
205485146
205006171
49378762
49278347
17359302
641230082
3776608
205137101
205236200
200162960
200026298
717688660
452965832
204691487
46865549
1124016157
282956645
3216519
438071800
26862220
205675902
205253720
2052337
455123655
360133349
916364
493175519
204963639
47960804
49038156
200026404
54235097
48878942
849560636
303304744
43937232
254648096
379679898
353787169
205316802
45888169
1070986502
627387103
25517027
200235177
41838838
46066909
200160379
205413089
205681194
1275990
919404
345332075
191128319
3118107
43408262
204980077
48456599
4019638
14943559
907282531
821877473
204961437
205212203
49337431
651010529
41998751
41370894
47136068
26654506
47477506
21852365
45259028
1798046427
205411440
2736854
4686407
4424823
204837261
863987
3307044
623709850
204950440
4607469
17435366
4012013
1012761894
418092259
748891805
46060042
377983111
205319588
200009758
199996777
363351793
49363915
675727355
625351438
42250822
205680923
4043331
200183000
2690816
1534703468
424772783
47407845
45488204
12661078
46559882
200098098
205675303
200024008
200181331
627916675
540651417
205317616
337554917
204925925
829275
204739497
200130971
1743814639
278005381
200027360
417649376
200183431
205206644
57630279
200183180
200009758
199996777
493175519
84524505
363351793
932396
42250822
665151
970030
210173
200020172
178229900
9416274
49038156
55703076
779166009
53594431
913241662
47407845
43140004
1063717088
1392920
154835709
8850978
353787169
6627774
752608
200024008
3263239
200024758
720963
17359302
641230082
456789
774573529
204717382
200096170
49067547
204673232
312930743
380244636
444563922
204691487
44300327
448705597
54235097
23673126
278005381
45576420
205535979
205212203
40991751
1070986502
383809406
1743814639
14958479
205317616
41998751
2869316
204837261
829275
4019638
46314046
204738812
200024758
205315277
12661078
1063717088
47136068
936949473
204956896
38203908
204647038
43408262
49502555
402299814
204885128
205669154
45414292
205669836
38016695
18702329
38924415
200098098
361797195
48456599
284657815
327387981
205681194
26224788
438071800
377983111
379679898
574427497
418092259
199996777
200024008
45488204
424772783
204925925
1534703468
40049860
48729150
85565972
4686407
455123655
137026740
205758208
781908679
47154952
191128319
204722535
204934719
48878942
205682321
205315868
450439217
1012761894
32687773
205319588
303304744
205675303
272977695
204950440
3538321
47407845
314945997
671746116
417649376
717688660
282956645
365616731
47277980
269765816
7019765
204732515
913241662
36230795
205670915
1562521
13835710
205410150
204838858
947306915
49038156
100001
19326685
863987
200183180
651010529
907282531
779166009
625351438
47187104
916364
675120934
14943559
200130344
49337431
43801247
204770234
627387103
49283907
37384147
849560636
49157524
46060042
205236200
576180362
782533579
200235177
204735494
1104643500
26862220
33203242
1081253
200026298
962927899
3058006
2736854
1798046427
748891805
27471095
2819458
42841774
865076391
200009758
200183000
21852365
26654506
154202510
205411440
360133349
205122984
494059327
43937232
204695567
79859679
46015050
43140004
414722701
17359302
627916675
46559882
46066909
205674069
814367255
200235473
205679734
47230514
200148204
42802514
200174265
41838838
200177253
44877802
205682279
205316802
478303169
200161545
4043331
46942396
9093919799
454683881
37850253
3263239
4424823
205006171
46640083
200027360
821877473
204683848
204696925
200182050
204676494
363351793
205138945
200227048
26617870
200183431
205253720
204980077
354965864
204731975
623709850
4012013
42250822
49378762
3776608
40738445
641230082
47960804
493175519
158420
345332075
442504636
4184292
9498330
47164624
205670379
200172722
205688601
48917233
204963639
200181331
49363915
200098751
3976837
48496649
1772136914
254648096
44996342
2690816
3791711
44034347
9562942464
57630279
25517027
45338128
49059627
49486138
205206644
782453138
49278347
48608609
205680923
2711184
205209931
17435366
410413463
116433173
675727355
45888169
382101194
204739497
204720027
200130971
47477506
919404
34146293
2971820
4319759
200181299
204691349
204763041
46864880
336792
46865549
170527916
205237318
41540783
200162960
205413089
204962476
205107553
80210571
204961437
204752351
45259028
200026404
4607469
540651417
591478961
3118107
139017991
204832741
205137101
200020172
41963497
3216519
337554917
204962177
353787169
200147536
1129190846
204837376
441622353
954465785
3307044
1124016157
891380
205876985
205675902
41370894
205485146
200172496
452965832
200160379
1275990
2052337
461702317
46801748
465306133
956651844
9562942464
306376661
515693788
34347679
446233156
48353202
4966074
457360866
3185889
123642111
68818916
506963332
497415653
1892327
308276694
46352755
1334071613
282301029
57541332
464508324
506981434
429670505
23673126
2865284214
7019765
69733444
445848352
506979206
69731420
464518008
492567587
20081215
9093919799
66536763
457327188
68494213
507754580
39850764
39290253
514399623
515141243
960995986
1034182769
443126097
214593935
919404
50419700
67938697
1034078299
71572880
1007707385
69809179
1204732707
592193812
291814286
61840254
446169558
57226447
100001
863987
67282634
54249179
41207174
457336595
20688554
334287540
464538329
53742110
514975788
81372241
40075202
12661078
916364
64380136
995781219
547024179
893095629
59546193
446269913
296173799
58126434
445983718
465304774
747422619
457333501
906123347
445066168
63679262
205253720
466384313
462498266
46495704
71552506
521884463
26862220
59749285
445859396
429687533
467023375
429727944
731439771
64363823
44530629
542007420
63714797
18702329
457361201
635588951
47821976
68862082
515090794
461701584
457343223
493175519
465299395
139017991
158420
52047304
430626595
444966089
363772314
1163067184
71160321
9498330
3216519
592082002
594358203
52636563
598067494
303120901
807378803
2402914235
66140727
461596140
137990973
39793620
1253589120
44028484
521884500
164094501
507752915
49176647
70476361
464500331
970691564
53951006
190794229
891380
46546336
457327615
42458367
61105108
457352523
63350626
670068197
431414683
446233295
457340126
568117861
49161135
1418086022
462256271
445791834
71578250
465174134
447887013
17359302
61019516
931889913
461702317
46801748
465306133
956651844
9562942464
306376661
515693788
34347679
446233156
48353202
4966074
457360866
3185889
123642111
68818916
506963332
497415653
1892327
308276694
46352755
1334071613
282301029
57541332
464508324
506981434
429670505
23673126
2865284214
7019765
69733444
445848352
506979206
69731420
464518008
492567587
20081215
9093919799
66536763
457327188
68494213
507754580
39850764
39290253
514399623
515141243
960995986
1034182769
443126097
214593935
919404
50419700
67938697
1034078299
71572880
1007707385
69809179
1204732707
592193812
291814286
61840254
446169558
57226447
100001
863987
67282634
54249179
41207174
457336595
20688554
334287540
464538329
53742110
514975788
81372241
40075202
12661078
916364
64380136
995781219
547024179
893095629
59546193
446269913
296173799
58126434
445983718
465304774
747422619
457333501
906123347
445066168
63679262
466384313
462498266
46495704
71552506
521884463
26862220
59749285
445859396
429687533
467023375
429727944
731439771
64363823
44530629
542007420
63714797
18702329
457361201
635588951
47821976
68862082
515090794
461701584
457343223
493175519
465299395
139017991
158420
52047304
430626595
444966089
363772314
1163067184
71160321
9498330
3216519
592082002
594358203
52636563
598067494
303120901
807378803
2402914235
66140727
461596140
137990973
39793620
1253589120
44028484
521884500
164094501
507752915
49176647
70476361
464500331
970691564
53951006
190794229
891380
46546336
457327615
42458367
61105108
457352523
63350626
670068197
431414683
446233295
457340126
568117861
49161135
205758208
1418086022
462256271
445791834
71578250
465174134
447887013
17359302
61019516
931889913
